0
0
...D......
...D..F...
...D..F..D
FHHD..FH.D
F...FFFH.D
F.H......D
..HAAAAAA.
..........
.HH.......
..........

.HHFFF....
H.........
H...A.....
..HHA.....
....ADDDD.
DDDDA....F
....A....F
....A.FFFF
H.........
H.........

..........
..........
..X.......
..........
..........
..........
..O.......
.........X
.....X....
.........X

..........
..........
..X..X.X..
..O.......
..........
..........
..........
..........
....X.....
..........
6,3;6,4;6,5;6,6;6,7;6,8;
0,3;1,3;2,3;3,3;
2,9;3,9;4,9;5,9;
1,6;2,6;3,6;
4,4;4,5;4,6;
3,0;4,0;5,0;
8,1;8,2;
5,2;6,2;
3,1;3,2;
3,7;4,7;
2,4;3,4;4,4;5,4;6,4;7,4;
4,5;4,6;4,7;4,8;
5,0;5,1;5,2;5,3;
0,3;0,4;0,5;
7,6;7,7;7,8;
5,9;6,9;7,9;
3,2;3,3;
1,0;2,0;
0,1;0,2;
8,0;9,0;
