0
1
..F.......
..F......D
D.F......D
D.....F.FD
D.....F.FD
D.....F.F.
HHAAAAAA..
.H........
.H....HH..
......HH..

..........
.....HFFF.
.....H....
.HHD.FFF..
...DAAAAAA
FFFD.HH...
D..D......
D.HH......
D.........
D.........

..........
..........
..........
..........
..........
......O...
......O...
...X..X...
..........
..........

..........
..........
..X.......
..........
..........
OOO.......
..........
..........
..........
..........
6,2;6,3;6,4;6,5;6,6;6,7;
1,9;2,9;3,9;4,9;
2,0;3,0;4,0;5,0;
0,2;1,2;2,2;
3,8;4,8;5,8;
3,6;4,6;5,6;
6,0;6,1;
8,6;9,6;
7,1;8,1;
8,7;9,7;
4,4;4,5;4,6;4,7;4,8;4,9;
3,3;4,3;5,3;6,3;
6,0;7,0;8,0;9,0;
5,0;5,1;5,2;
1,6;1,7;1,8;
3,5;3,6;3,7;
1,5;2,5;
7,2;7,3;
5,5;5,6;
3,1;3,2;
